-0.045
-0.02
-0.02
0.025
0.025
0.01
-0.05
-0.1
-0.17
-0.175
-0.185
-0.185
-0.2
-0.18
-0.2
-0.16
0.305
1.07
1.59
0.245
-0.69
-0.61
-0.405
-0.235
-0.2
-0.18
-0.18
-0.15
-0.155
-0.135
-0.135
-0.105
-0.085
-0.055
-0.04
0
0.045
0.105
0.165
0.225
0.27
0.34
0.375
0.4
0.415
0.41
0.37
0.315
0.265
0.185
0.1
0.04
0
-0.02
-0.03
-0.035
-0.035
-0.03
-0.025
-0.025
-0.02
-0.03
-0.025
-0.03
-0.035
-0.04
-0.06
-0.065
-0.07
-0.08
-0.1
-0.095
-0.095
-0.095
-0.1
-0.105
-0.105
-0.105
-0.115
-0.115
-0.115
-0.115
-0.125
-0.115
-0.125
-0.125
-0.135
-0.075
-0.055
-0.035
-0.02
0.025
0.035
0.005
-0.05
-0.095
-0.15
-0.17
-0.185
-0.18
-0.19
-0.175
-0.19
-0.15
0.275
1.005
1.55
0.36
-0.7
-0.65
-0.405
-0.235
-0.18
-0.16
-0.155
-0.145
-0.135
-0.11
-0.115
-0.1
-0.08
-0.045
-0.02
0.01
0.055
0.105
0.16
0.23
0.285
0.335
0.365
0.395
0.405
0.395
0.375
0.325
0.255
0.175
0.11
0.035
0.005
-0.02
-0.04
-0.045
-0.045
-0.045
-0.05
-0.04
-0.045
-0.05
-0.05
-0.06
-0.055
-0.07
-0.065
-0.07
-0.085
-0.1
-0.085
-0.085
-0.095
-0.08
-0.09
-0.105
-0.1
-0.11
-0.105
-0.115
-0.12
-0.13
-0.13
-0.125
-0.12
-0.12
-0.08
-0.06
-0.04
-0.02
0
0.035
0.005
-0.035
-0.09
-0.15
-0.185
-0.19
-0.195
-0.195
-0.19
-0.2
-0.165
0.19
0.92
1.545
0.715
-0.605
-0.715
-0.49
-0.3
-0.205
-0.18
-0.16
-0.135
-0.135
-0.12
-0.105
-0.09
-0.07
-0.045
-0.015
0.025
0.055
0.12
0.155
0.235
0.295
0.355
0.38
0.415
0.445
0.425
0.41
0.38
0.295
0.21
0.13
0.075
0.035
0.005
-0.015
-0.02
-0.02
-0.035
-0.045
-0.04
-0.01
-0.02
-0.03
-0.02
-0.03
-0.055
-0.055
-0.06
-0.06
-0.075
-0.08
-0.075
-0.09
-0.12
-0.09
-0.105
-0.11
-0.13
-0.105
-0.115
-0.115
-0.135
-0.12
-0.095
-0.125
-0.11
-0.06
-0.07
-0.015
0
0.045
0.02
-0.015
-0.075
-0.125
-0.185
-0.145
-0.165
-0.19
-0.195
-0.165
-0.19
-0.005
0.685
1.475
1.375
-0.345
-0.785
-0.55
-0.38
-0.24
-0.205
-0.16
-0.16
-0.13
-0.12
-0.115
-0.11
-0.065
-0.06
-0.015
-0.015
0.035
0.11
0.15
0.18
0.275
0.29
0.355
0.4
0.43
0.41
0.415
0.375
0.29
0.21
0.135
0.08
0.02
-0.005
-0.05
-0.035
-0.055
-0.035
-0.055
-0.04
-0.04
-0.035
-0.035
-0.075
-0.045
-0.08
-0.07
-0.055
-0.075
-0.045
-0.105
-0.1
-0.115
-0.11
-0.095
-0.12
-0.13
-0.115
-0.12
-0.12
-0.13
-0.14
-0.17
-0.145
-0.095
-0.03
-0.045
-0.045
-0.01
0.04
0.015
-0.03
-0.09
-0.155
-0.19
-0.155
-0.205
-0.195
-0.21
-0.185
-0.175
0.005
0.695
1.535
1.335
-0.395
-0.765
-0.495
-0.38
-0.26
-0.21
-0.14
-0.175
-0.14
-0.16
-0.145
-0.14
-0.075
-0.055
-0.03
-0.015
0.05
0.09
0.155
0.21
0.275
0.325
0.38
0.405
0.425
0.44
0.405
0.345
0.29
0.21
0.13
0.06
0.02
-0.015
-0.03
-0.04
-0.045
-0.045
-0.045
-0.045
-0.035
-0.035
-0.03
-0.04
-0.045
-0.04
-0.05
-0.05
-0.05
-0.065
-0.08
-0.09
-0.095
-0.115
-0.1
-0.1
-0.11
-0.11
-0.125
-0.115
-0.12
-0.105
-0.145
-0.115
-0.11
-0.065
-0.06
-0.03
-0.02
0.055
0.025
-0.005
-0.075
-0.14
-0.2
-0.17
-0.205
-0.195
-0.215
-0.19
-0.215
-0.11
0.505
1.345
1.605
-0.11
-0.745
-0.55
-0.375
-0.21
-0.185
-0.15
-0.16
-0.13
-0.135
-0.115
-0.11
-0.075
-0.07
-0.03
-0.005
0.055
0.08
0.145
0.19
0.285
0.335
0.39
0.405
0.445
0.445
0.44
0.39
0.315
0.225
0.15
0.08
0.035
0
-0.015
-0.02
-0.03
-0.035
-0.03
-0.02
-0.025
-0.035
-0.03
-0.025
-0.03
-0.025
-0.04
-0.05
-0.05
-0.055
-0.055
-0.06
-0.085
-0.085
-0.085
-0.1
-0.09
-0.095
-0.1
-0.105
-0.1
-0.11
-0.105
-0.11
-0.125
-0.125
-0.125
-0.085
-0.06
-0.05
-0.03
0.015
0.03
0.01
-0.04
-0.095
-0.16
-0.195
-0.185
-0.195
-0.195
-0.195
-0.19
-0.19
0.13
0.845
1.56
0.815
-0.575
-0.695
-0.435
-0.265
-0.2
-0.18
-0.17
-0.16
-0.145
-0.14
-0.125
-0.105
-0.075
-0.055
-0.025
0.005
0.055
0.095
0.155
0.215
0.29
0.335
0.38
0.415
0.435
0.435
0.4
0.35
0.28
0.2
0.12
0.055
0.005
-0.015
-0.03
-0.04
-0.055
-0.05
-0.045
-0.055
-0.05
-0.04
-0.045
-0.045
-0.055
-0.055
-0.065
-0.06
-0.075
-0.08
-0.09
-0.1
-0.105
-0.11
-0.105
-0.11
-0.1
-0.11
-0.11
-0.125
-0.12
-0.13
-0.125
-0.135
-0.125
-0.135
-0.09
-0.06
-0.035
-0.03
0.03
0.015
0.005
-0.05
-0.105
-0.17
-0.18
-0.195
-0.185
-0.185
-0.18
-0.185
-0.155
0.28
1.01
1.585
0.385
-0.69
-0.64
-0.405
-0.24
-0.205
-0.18
-0.175
-0.155
-0.135
-0.125
-0.12
-0.095
-0.08
-0.055
-0.03
0.01
0.06
0.115
0.16
0.23
0.285
0.335
0.375
0.4
0.42
0.42
0.385
0.33
0.265
0.19
0.105
0.05
0.005
-0.01
-0.025
-0.035
-0.035
-0.035
-0.035
-0.045
-0.045
-0.045
-0.045
-0.04
-0.045
-0.045
-0.05
-0.055
-0.065
-0.07
-0.085
-0.085
-0.09
-0.085
-0.095
-0.09
-0.1
-0.1
-0.105
-0.1
-0.115
-0.11
-0.125
-0.1
-0.11
-0.055
-0.05
-0.015
-0.005
0.05
0.03
0.005
-0.05
-0.1
-0.18
-0.16
-0.185
-0.17
-0.195
-0.165
-0.195
-0.095
0.485
1.27
1.485
-0.17
-0.765
-0.55
-0.355
-0.21
-0.195
-0.165
-0.17
-0.15
-0.15
-0.12
-0.12
-0.09
-0.085
-0.035
-0.025
0.025
0.055
0.12
0.175
0.25
0.295
0.34
0.385
0.41
0.415
0.415
0.375
0.33
0.245
0.165
0.095
0.035
0.005
-0.005
-0.01
-0.015
-0.02
-0.01
-0.015
-0.025
-0.005
-0.02
-0.02
-0.025
-0.035
-0.045
-0.06
-0.045
-0.05
-0.075
-0.095
-0.09
-0.09
-0.095
-0.1
-0.105
-0.125
-0.125
-0.12
-0.135
-0.115
-0.115
-0.11
-0.14
-0.125
-0.1
-0.055
-0.06
-0.03
0.01
0.05
0.015
-0.055
-0.135
-0.16
-0.18
-0.18
-0.205
-0.195
-0.2
-0.185
-0.185
0.055
0.755
1.5
1.11
-0.49
-0.78
-0.53
-0.375
-0.24
-0.2
-0.185
-0.185
-0.16
-0.145
-0.12
-0.11
-0.085
-0.1
-0.06
-0.025
0.035
0.065
0.125
0.18
0.245
0.29
0.33
0.375
0.4
0.39
0.38
0.34
0.28
0.185
0.095
0.04
0
-0.035
-0.08
-0.065
-0.06
-0.07
-0.065
-0.045
-0.055
-0.055
-0.055
-0.05
-0.035
-0.085
-0.075
-0.08
-0.07
-0.08
-0.09
-0.11
-0.095
-0.095
-0.105
-0.105
-0.12
-0.15
-0.1
-0.135
-0.135
-0.15
-0.125
-0.11
-0.065
-0.05
-0.035
0
0.055
0.025
-0.025
-0.09
-0.14
-0.165
-0.17
-0.225
-0.185
-0.185
-0.205
-0.205
0.025
0.745
1.53
1.235
-0.44
-0.77
-0.53
-0.37
-0.21
-0.19
-0.145
-0.15
-0.14
-0.11
-0.12
-0.11
-0.07
-0.065
-0.035
-0.01
0.05
0.1
0.175
0.205
0.28
0.34
0.37
0.375
0.42
0.42
0.395
0.34
0.275
0.205
0.115
0.04
0.005
-0.03
-0.015
-0.075
-0.045
-0.02
-0.06
-0.045
-0.055
-0.075
-0.06
-0.055
-0.05
-0.045
-0.045
-0.075
-0.115
-0.095
-0.11
-0.085
-0.11
-0.09
-0.11
-0.105
-0.16
-0.13
-0.125
-0.125
-0.145
